54 312200.242424 2775.2927704
55 312298.020202 2707.69779948
56 312392.929293 2644.57911433
57 312448.313131 2626.57601615
58 312469.747475 2594.91371314
59 312527.787879 2551.39691693
Y axis mean time
[312200.24242424243, 312298.02020202018, 312392.9292929293, 312448.31313131313, 312469.74747474748, 312527.7878787879]
Y axis Std Dev time
[2775.2927703996397, 2707.6977994837707, 2644.579114333736, 2626.5760161501985, 2594.9137131425468, 2551.3969169323432]
Z axis mean node
[1553.878787878788, 1560.6868686868686, 1568.0808080808081, 1574.3030303030303, 1578.8888888888889, 1582.9494949494949]
Z axis Std Dev node
[31.753874408407292, 32.950727361155799, 34.661327318327231, 34.734913750310447, 34.866814093462253, 35.01525605090702]
