32 295452.343434 15870.7178061
33 299559.393939 14413.5949082
34 301880.090909 14545.3440057
35 304804.464646 12365.780314
36 305955.676768 14102.4667266
37 307039.313131 13944.7486533
38 307522.919192 14017.5530831
39 308311.313131 12625.5997866
40 308897.222222 11948.886562
41 309678.676768 10764.0548749
Y axis mean time
[295452.34343434341, 299559.39393939392, 301880.09090909088, 304804.46464646462, 305955.67676767678, 307039.31313131313, 307522.91919191921, 308311.31313131313, 308897.22222222225, 309678.67676767678]
Y axis Std Dev time
[15870.71780607395, 14413.594908215822, 14545.344005703708, 12365.780313995661, 14102.466726580451, 13944.748653272989, 14017.553083113846, 12625.599786649973, 11948.886562011934, 10764.054874909656]
Z axis mean node
[1336.1313131313132, 1354.5757575757575, 1370.6767676767677, 1386.4848484848485, 1399.0, 1413.1616161616162, 1426.4747474747476, 1437.9898989898991, 1448.7373737373737, 1457.6464646464647]
Z axis Std Dev node
[24.554884500260652, 28.258221619071215, 31.278426515885709, 30.090222458521403, 32.898067242359822, 30.964530725405595, 30.053266998106263, 29.255922287268366, 28.037704000648787, 26.008667215556397]
