24 274694.787879 12095.0421926
25 276043.757576 10889.6270744
26 278250.505051 12622.8558586
27 281626.79798 14300.227326
28 284939.888889 15907.6791626
29 287851.989899 16099.5433868
30 292643.69697 14956.2762951
31 294577.737374 14937.6807928
Y axis mean time
[274694.7878787879, 276043.75757575757, 278250.50505050505, 281626.79797979799, 284939.88888888888, 287851.98989898991, 292643.69696969696, 294577.73737373739]
Y axis Std Dev time
[12095.042192645435, 10889.627074423548, 12622.855858630099, 14300.22732600253, 15907.679162630533, 16099.543386771076, 14956.27629509576, 14937.680792759664]
Z axis mean node
[1149.6969696969697, 1177.5757575757575, 1204.6464646464647, 1229.2222222222222, 1252.4444444444443, 1275.7171717171718, 1297.8181818181818, 1317.5151515151515]
Z axis Std Dev node
[21.878661965557267, 23.329043289207455, 23.658903178771574, 23.570464121440466, 23.904364261614745, 25.348894903109624, 23.848157558109957, 23.695187098727658]
