1 10992.5555556 12787.2027151
2 11545.2525253 12659.0300148
3 13279.5555556 12024.535698
4 40109.1919192 34296.9404421
5 93885.2929293 23979.4239686
6 114124.333333 33486.3379064
7 135615.292929 40574.3380153
8 169659.676768 35506.9147973
9 192251.343434 34929.2689913
10 202318.515152 33998.7623035
11 210352.939394 2160.22273364
Y axis mean time
[10992.555555555555, 11545.252525252525, 13279.555555555555, 40109.191919191922, 93885.292929292933, 114124.33333333333, 135615.29292929292, 169659.67676767678, 192251.34343434343, 202318.51515151514, 210352.93939393939]
Y axis Std Dev time
[12787.20271510609, 12659.030014816657, 12024.535697978699, 34296.940442121653, 23979.423968554529, 33486.3379064334, 40574.338015287925, 35506.914797272562, 34929.268991289973, 33998.762303486314, 2160.2227336441879]
Z axis mean node
[5.4141414141414144, 16.878787878787879, 70.919191919191917, 157.54545454545453, 343.78787878787881, 406.83838383838383, 464.36363636363637, 527.88888888888891, 581.57575757575762, 631.41414141414145, 698.38383838383834]
Z axis Std Dev node
[2.3868753125749613, 12.637344631640104, 43.10562005301729, 63.520818622958267, 85.693755029500338, 101.34486647593151, 105.09884280283029, 91.680702935157655, 101.04275431807891, 109.77773781241953, 7.732532705038258]
