42 309657.10101 10707.4817405
43 310178.484848 9759.70645605
44 309864.666667 9758.68589742
45 311077.242424 3875.71477693
46 311249.373737 3722.79659891
47 311021.414141 5468.24885827
Y axis mean time
[309657.10101010103, 310178.48484848486, 309864.66666666669, 311077.24242424243, 311249.37373737374, 311021.41414141416]
Y axis Std Dev time
[10707.481740452336, 9759.7064560547278, 9758.68589741695, 3875.714776933356, 3722.7965989140512, 5468.2488582691294]
Z axis mean node
[1466.3333333333333, 1474.4747474747476, 1482.2525252525252, 1490.7171717171718, 1498.4444444444443, 1506.4545454545455]
Z axis Std Dev node
[25.385512451479929, 24.858120001052697, 25.462328455794776, 25.074853758112233, 25.331826997569529, 26.478606850682016]
