48 311564.767677 4999.71702397
49 311292.181818 5192.36987866
50 311793.060606 3353.76216253
51 311967.313131 3171.10248058
52 312051.717172 3150.07174855
53 312250.020202 2745.68328961
Y axis mean time
[311564.76767676766, 311292.18181818182, 311793.06060606061, 311967.31313131313, 312051.71717171714, 312250.02020202018]
Y axis Std Dev time
[4999.7170239687857, 5192.3698786624536, 3353.7621625260713, 3171.1024805819229, 3150.0717485508585, 2745.6832896138267]
Z axis mean node
[1515.3434343434344, 1522.0, 1527.8989898989898, 1533.5050505050506, 1540.7979797979799, 1547.3232323232323]
Z axis Std Dev node
[28.373113470383629, 28.900735721647731, 28.226892739498812, 29.404999828199951, 30.230087292910117, 31.085684217810943]
