12 212925.131313 7368.56826087
13 223183.070707 16355.4330492
14 242273.818182 18245.252245
15 248354.989899 19205.9599848
16 251455.818182 17841.9455848
17 260666.909091 15614.6385159
18 264447.777778 12218.7198288
19 269119.383838 9831.572707
20 270414.373737 9782.36851531
21 271087.474747 7360.21849745
22 274450.030303 11955.9665333
23 275655.0 12610.0093456
Y axis mean time
[212925.13131313131, 223183.0707070707, 242273.81818181818, 248354.98989898991, 251455.81818181818, 260666.90909090909, 264447.77777777775, 269119.38383838383, 270414.37373737374, 271087.47474747477, 274450.03030303027, 275655.0]
Y axis Std Dev time
[7368.5682608685993, 16355.433049214067, 18245.252244956595, 19205.959984840432, 17841.945584766549, 15614.638515881004, 12218.719828756513, 9831.5727070022822, 9782.368515314236, 7360.2184974476386, 11955.966533348796, 12610.009345633716]
Z axis mean node
[741.92929292929296, 782.91919191919192, 821.06060606060601, 858.90909090909088, 896.6565656565657, 931.82828282828279, 966.06060606060601, 997.01010101010104, 1028.4040404040404, 1061.5151515151515, 1092.7171717171718, 1122.6161616161617]
Z axis Std Dev node
[9.2509923303400594, 11.175077581071417, 13.219833723352748, 12.060529922098638, 13.687834026115938, 15.715295517836674, 17.06956543908354, 14.896609979410949, 17.0530480654222, 17.425375457232708, 20.158984464180701, 20.283698520507791]
